64,1
64,0
63,5
63,4
63,3
63,2
63,1
63,0
62,4
62,3
62,2
62,1
62,0
61,5
61,4
61,3
61,2
61,1
61,0
60,5
60,4
60,3
60,2
60,1
60,0
59,5
59,1
20,3
20,2
20,1
19,3
19,2
19,1
17,3
17,2
17,1
16,3
16,2
16,1
15,3
15,2
15,1
18,1
14,5
18,3
14,2
14,1
14,4
14,3
13,2
12,3
13,1
12,2
13,3
12,1
11,3
11,2
11,1
10,3
10,2
10,1
9,3
9,2
9,1
8,3
8,2
8,1
7,13
7,12
7,11
7,10
7,9
7,6
7,5
7,4
7,3
7,2
7,1
6,6
6,5
6,4
6,3
6,2
6,1
5,4
5,3
5,2
5,1
4,85
4,81
4,75
4,65
4,40
4,39
4,36
4,35
4,33
4,31
4,27
4,23
4,14
4,9
4,8
4,4
4,3
4,2
4,1
2,3
2,2
